a1=4*u/3*v
