%计算8种产品各种生产路线组合的流量
%Pi(n,10)---第i种产品生产工艺路线矩阵,
%n代表可选生产路线种数，如P1(2,10)表示产品1有2条生产路线
P1(2,10)=[1 1 1 0 1 0 1 1 0 1 ; 
                0 0 1 1 1 1 1 1 1 1];
P2(3,10)=[1 0 0 1 0 0 0 0 0 1;
                1 0 0 1 0 0 0 1 0 0;
                1 0 0 1 0 0 0 0 1 0];
P3(3,10)=[0 0 0 1 1 1 0 1 0 0;
                0 0 0 1 1 1 1 0 0 0;
                0 0 0 1 1 0 1 0 1 1];
P4(3,10)=[0 1 1 1 1 1 0 0 0 0;
                0 1 1 1 1 0 1 1 0 0;
                0 1 1 1 1 0 1 0 0 1]; 
P5(3,10)=[0 0 0 1 1 0 1 1 0 1;
                0 0 0 1 1 0 0 1 1 1;
                0 0 0 1 1 0 0 1 0 1]; 
P6(1,10)=[1 1 1 1 1 1 1 1 1 1];             
P7(3,10)=[0 0 0 1 1 0 1 0 1 0;
                0 0 0 0 1 1 0 1 1 1;
                0 0 0 0 1 1 1 1 1 0];
P8(3,10)=[0 0 0 0 0 0 0 1 1 1;
                0 0 0 0 0 1 1 1 0 0;
                0 0 1 1 1 0 0 0 0 0]; 
Pnum=[282 261 277 218 397 451 388 389];
a=zeros(1,10);
     
            
            
            